219140
218820
219867
219919
218850
218800
6940437
220036
218822
221637
219172
219997
219449
219588
219555
219452
219682
219477
220444
219448
220621
219445
219514
219476
220486
219595
220257
219547
219513
219684
7070514
219508
219574
219670
6871670
219534
219602
219434
220187
220221
220086
220097
220089
220177
220251
220231
221053
220021
220238
220003
220141
220020
220189
221056
220396
220357
220169
220082
220063
220099
220017
220163
220255
221010
220789
220585
220833
221238
220941
220771
221308
220626
220752
220671
220953
220657
220750
220718
221061
220632
220735
220857
220809
220808
221268
220787
222245
222549
221720
223491
222261
222026
221697
222140
224607
222115
221682
222009
222626
222361
6835372
221711
222653
224443
221975
222125
221984
221739
223021
222058
500183
221463
221466
221961
222263
222044
224555
222041
221954
224566
221487
222100
221933
224286
221472
224622
221488
221457
221401
222288
223301
221846
222138
223332
224612
227275
221397
222016
221792
221786
222264
221998
221751
221897
221788
222880
221647
221911
222083
222048
222422
222339
223318
222312
222564
222495
223094
222581
222391
222445
222517
222554
222735
651729
501901
222689
222650
222357
222491
222461
222855
225477
222655
222291
222458
222480
222550
222561
223886
222335
222296
222745
222388
222854
225151
222430
223107
223066
222933
223275
222911
223092
223380
222989
222962
228436
223356
222993
222947
222988
227834
223130
223203
223802
223068
223157
226910
222899
223261
222878
222970
222969
223156
223247
227623
223072
223445
223475
223230
223456
222909
223039
223183
222985
223144
223692
225305
224297
223632
224236
223510
223524
223769
223676
223513
224054
226200
223715
224526
223734
225415
223842
225336
364165
223903
223804
223562
232487
223818
223618
223885
224579
224936
223615
224044
224231
224273
224575
227485
230771
224217
225173
225407
224327
225453
223989
224405
225447
227809
224487
224023
225249
224096
224004
224382
224019
225344
225261
224642
224852
224084
224207
224299
225234
224751
224499
225304
225358
225146
225026
226315
227790
224768
6973030
225512
261380
225554
225765
229460
310245
224713
230946
224695
225117
225539
224736
224828
226459
225111
224733
224732
224749
234710
228058
224725
225520
224701
225256
225857
224711
494794
225090
224974
224911
226401
229073
227073
229254
227480
226790
227659
225697
227103
225776
225828
226852
225751
225616
6846138
241817
227037
226415
227034
225603
225769
227339
226370
226276
226939
225761
227006
225676
236506
228396
227080
226785
226326
226061
226207
226799
226303
226185
226269
227013
225928
227116
227000
226014
226330
228047
226050
226194
225907
226203
231681
226907
227102
233752
226292
227970
226397
7293807
226294
226382
226280
229115
226973
229069
226711
227033
227857
228225
226919
229804
226598
226767
226608
226685
226486
227869
229269
228542
231857
226769
226754
226737
226823
226849
227627
227337
228496
227240
228579
227329
227375
227394
227648
227431
227450
227540
232323
227865
227281
227261
227298
227593
227157
227581
228569
227387
227264
227367
228452
227408
240046
228593
227183
7310362
228478
249498
7171943
229124
229218
227962
228258
7184876
6823487
228051
232442
228009
244196
229557
228149
229043
228305
228285
228065
229101
228039
233791
227933
228964
228681
228937
230144
230684
228854
231900
228804
228823
228776
364267
228679
228812
229732
228913
229183
228960
233891
232296
228661
230309
229125
228698
228724
7017613
228976
228871
230254
230235
229362
229467
229490
229283
229399
230299
231825
229363
230473
229696
229459
229450
229448
229560
309791
231878
229589
230311
229543
229255
229506
231190
231119
231028
230997
230075
231147
230081
230138
229949
230940
233042
229862
6834897
230168
229884
366723
230095
231074
229904
231041
231684
229894
246791
231022
229832
229903
230322
230192
234678
230547
230479
231151
230724
230373
230401
230867
230555
571455
230548
230824
235692
230438
230602
230604
230419
230606
230751
230745
230820
231076
230653
230426
232468
230627
230578
6811122
230888
231794
230730
231171
230773
232582
230953
230822
230850
230964
231744
231678
230448
230857
230910
230835
230574
231854
231807
231358
231459
231585
232338
232396
231428
231395
235965
232454
232956
231330
231355
231253
231634
233744
231306
231286
231689
231449
497178
231252
231249
232307
231348
231494
232470
231771
451439
232325
231439
231629
231662
235016
231392
405889
232534
236612
232135
232182
232249
7240214
232236
232120
232242
234719
233892
232184
232280
232130
6826268
231946
231972
232173
232132
232081
234133
232185
232623
236877
233888
232668
233872
232777
236519
232690
232818
232959
234092
232764
232848
232586
233843
233148
232864
232915
232678
232570
233909
232884
232649
232856
232805
7066433
233426
233235
233737
233206
233781
233973
234487
233604
233601
233017
235113
233392
233609
233611
236349
233511
7184864
233407
233563
233566
233245
235349
233113
369840
233050
243062
233619
233276
234018
234789
233809
235726
233195
233776
234962
234001
235718
233330
234020
233596
233580
234691
233405
233248
233241
233157
233382
233623
234667
234586
234705
233492
234608
234106
233653
233922
233900
234239
237293
234514
234583
6935899
234446
235287
234339
236465
235308
235233
234169
234385
234458
234220
235226
234155
234791
235184
234389
234224
235219
234418
234229
234528
234410
234193
234348
234852
234293
236613
235187
234296
234877
235038
235252
234991
7318226
234865
234862
235334
235059
234918
234948
235742
234873
235120
235132
234870
234951
235032
234823
235027
234811
235029
235023
235484
235397
235408
235399
236359
235420
235639
235646
235565
501549
236641
235621
235519
235479
235761
235407
235534
235391
236390
235716
236607
236352
236468
236413
235623
235899
235518
236814
239169
236227
236127
236035
236056
236575
236086
236032
236054
236188
236740
236774
236009
236685
236199
236028
236363
236244
236450
236262
6892830
236347
236315
236771
236109
236294
236293
236712
236209
237009
237014
240397
236891
237217
236911
237125
237196
237037
237135
237554
237233
374177
236840
237447
236853
237070
237307
237154
237100
237118
237120
237122
237126
237136
237174
236870
236934
237404
238092
237222
236879
7184880
237468
236940
237472
245796
237782
239475
240176
238080
510232
6989527
240466
238508
237902
238416
6835305
240757
238474
658167
238527
237801
237939
241404
237688
237967
240005
244190
255919
239993
237953
7316840
238078
237912
241258
371244
6925930
237639
237329
239816
237353
237576
238758
238756
237332
238211
240623
237663
237459
238542
238443
238669
238720
240636
240403
237492
237506
237651
237640
237613
238010
238751
237914
237596
240000
238196
238359
238297
238121
241017
238462
238214
239892
239437
238317
240376
239626
238341
239478
238785
238228
239902
238282
238780
238321
238129
241108
239599
239965
239075
238830
239107
238881
238882
239078
238861
238890
241135
239100
238888
238900
238883
240540
242713
239120
238911
238849
238996
239423
239092
238932
238984
239257
239768
239109
241123
238860
238858
241341
239024
239465
239069
239121
239345
7205783
239250
239755
239992
239588
239606
241471
6828472
239968
239698
364243
241468
239641
240017
240643
239738
241344
239954
240734
240229
239672
240372
239532
239594
240414
239920
239619
241389
239608
244974
240700
239982
239543
240677
239983
239703
241405
239843
240247
241592
240088
240675
240476
240178
241814
243662
514837
240269
243393
240705
240208
240433
240714
240207
241515
240358
240168
240432
241582
240383
241726
240741
241112
240812
240939
240825
241587
241785
242127
240857
242566
241148
241009
240856
244664
241105
240906
243738
248910
241810
240894
240961
241324
240990
241892
7200380
242675
242110
245968
244512
242040
241563
242570
250862
241660
243978
243421
241834
242102
244058
252273
241369
243878
241196
241984
243776
242475
241568
244738
242033
242201
242087
241434
242535
520060
244150
242876
242178
6822231
243824
7192070
244929
242961
241433
250618
243121
242789
242495
246245
241787
241885
242330
241970
241934
522499
242626
244175
242819
241861
242621
241682
242899
242158
243040
242289
242312
588375
242453
256590
242400
244775
242457
243327
247051
243912
242426
242156
242259
533605
243358
242927
242321
243013
242963
242971
254443
242410
242727
244698
244957
243397
247909
243332
252817
243119
244726
244504
243236
244848
244127
6914112
243399
243181
243269
243465
244651
244663
243443
247613
243575
243712
243613
243822
243512
243513
243636
243672
244748
243693
6826290
243624
243939
243793
244983
246144
244157
244830
244309
244636
244784
244411
6834915
244312
244399
244662
244532
358784
254658
244398
244384
244211
244597
244455
246093
244478
246556
244210
244600
244223
6814475
248384
244612
244433
244583
244308
244301
245718
247134
248752
245095
245121
245070
248450
245306
245235
245242
247048
246771
247411
246570
245347
245161
247244
245652
245226
244969
245150
245264
247482
246777
245115
245073
245063
253437
245338
245360
245273
245748
245255
245086
439047
247130
245162
245059
246720
246794
245013
247324
6746225
247386
248111
245738
245448
514408
248637
246107
247279
247439
247318
246189
247027
245455
245533
247454
248121
254594
245567
245480
250257
246696
245516
245429
247223
245522
246109
245423
253170
246125
245856
562877
245766
245902
7240210
245844
246068
246009
245928
246001
245866
247274
247214
246447
248457
246205
249217
245854
245969
246119
246482
246443
246525
246411
246528
252052
247754
246253
250646
248848
246454
246588
248583
248220
246469
246602
364269
246229
248463
246464
246450
248306
248298
246607
254198
246845
246870
246844
246996
248332
246999
246916
249078
248272
522995
246888
246852
248743
391071
248406
461004
246995
248748
254237
246901
247010
247083
246838
248791
251022
247475
247417
247354
247575
247467
514409
247574
247631
247512
247511
249423
247420
250830
247460
247376
247588
408161
247393
249625
247556
248799
247581
247443
248541
247571
247668
247572
247377
248809
248684
247555
249016
255238
247993
247760
248881
248778
247938
249767
250277
247974
247925
251577
248094
249129
248567
248045
249183
248002
248319
249792
248986
248282
249222
459194
249132
6840851
249139
249030
248135
253879
248714
256884
250188
248635
253355
248468
248426
248717
248863
7324960
248967
248471
248735
249976
253273
248389
253346
249383
249351
249582
250002
249662
251477
249242
250235
249412
249375
250696
249311
250779
249735
249109
249369
249690
249382
249277
249122
249681
250944
250038
250062
250101
250213
250786
249796
249991
250039
250104
249685
249831
250637
249762
249746
250746
263010
250118
250214
249798
250180
250898
250295
250734
249995
249812
251462
252692
249726
250713
250791
250768
251547
250502
250405
250579
251452
251369
250372
251408
250326
250436
250597
270919
7150636
251546
251338
250750
250473
250422
251734
250672
250887
250358
250687
252225
250757
253962
253220
250325
250462
252255
6756865
252318
251246
251284
252012
251296
251556
252865
251453
251218
251183
252076
251345
251137
405336
6835403
408159
252206
252057
251886
251059
252229
408167
251352
251449
251171
251357
251329
251110
252816
251920
252804
251956
251832
251873
252163
252239
251749
251742
251735
251871
253136
251951
252041
251759
251900
251991
251757
251719
7273750
6914186
251722
253503
6981540
252812
253206
252526
252793
253891
252615
252312
252428
252458
255026
252429
7328904
253685
253291
252414
252702
254026
252633
252510
261835
253399
252636
252674
252940
442642
253125
253976
254127
253049
253568
253219
253004
252918
252982
253047
253153
531287
253263
253272
257039
263444
253095
253168
252979
252915
253076
253010
252888
252893
253921
258406
264264
255698
253129
253158
254360
255029
253971
253287
254794
7098395
264045
253890
254556
253795
253731
255518
254608
270107
254765
253743
253721
257564
253822
270553
254687
254435
253984
254088
255502
253632
253852
254204
255643
254232
254521
255221
254054
255578
254098
254684
254200
254021
254148
255317
255167
254512
254817
258878
254923
259184
254763
254771
254891
255075
255083
256267
254799
254836
254825
254912
255626
255074
255638
254702
254730
255130
271674
254700
255651
255104
254933
255336
256239
255479
256189
255485
256116
255496
255431
255768
255351
255696
256117
256281
255293
255444
255497
255346
255831
255348
255792
255427
256293
256905
257174
256288
256322
256141
256355
256008
256414
256088
258641
256384
256974
256841
256134
256229
256808
256435
256467
256069
256423
256928
256034
256870
256241
256597
256865
256788
256630
256536
256541
256616
653473
257484
256833
256628
259505
256754
256727
268766
257392
258486
258847
256748
256910
257622
258802
258115
257280
257111
257231
257148
257045
257151
257163
257183
258423
262350
257464
257437
257858
257199
262889
257109
257372
257792
258730
257798
257925
258309
259140
257652
258043
257959
258521
257918
258998
258021
257813
264584
258034
257986
257631
258937
264024
257733
258835
259202
258526
258272
258063
258062
261330
259313
259367
258352
258372
258278
258206
258416
258111
522534
258621
258384
260273
258446
258528
258564
259602
262396
258711
259174
258751
258861
261379
258720
258666
258820
259063
259688
259763
259911
258893
259848
258929
258690
259198
258993
258660
373276
426630
258906
259495
258818
259289
258673
259759
259001
258817
261859
259884
6840816
259060
259377
259422
259457
260330
259384
259478
267620
259509
259645
259395
259423
259724
262686
259679
259501
259715
259621
260701
259415
259568
259622
260315
262197
260313
260320
260271
259961
260339
259962
260852
260027
260232
260898
259964
260952
655344
262305
262180
260877
260926
260465
262922
260921
259932
259944
259951
260888
260236
260901
260210
259941
260604
260591
260587
261273
263226
260781
260633
260507
261354
260580
260573
260520
260356
260475
6883744
260463
270583
261315
262640
260945
260735
261171
260734
260479
261403
261181
261140
261168
261055
262085
261009
261184
261114
261029
261031
261177
262822
261068
261123
261020
261049
262510
261189
261807
262310
261069
261475
261551
261714
261554
261401
262945
261444
261633
261584
261712
261572
261512
7067202
261478
261454
261634
261725
261570
261437
261542
262951
261399
262406
267091
261537
261653
261932
262157
267604
262074
262801
263004
262435
262102
262187
486820
262836
264184
503657
261910
262100
261982
262450
262142
271412
262427
262386
7316862
262428
262308
262726
263597
262465
262515
262316
262379
262295
262717
262570
262666
262338
262514
262661
262480
262608
262600
262622
262352
262733
264576
262896
262442
264032
263106
263356
263484
263864
263041
263168
263208
7232781
263242
263504
264640
263433
263211
263294
264224
263023
263309
263185
263191
263424
263348
263437
263482
263388
264062
263262
263143
263025
263251
263036
263474
263257
263938
263427
263947
263297
263264
263246
263165
263236
264000
263837
263871
263972
263636
263709
263740
263774
264797
263870
263716
263755
263687
265215
263900
264038
263801
264522
264093
264181
264507
264131
264756
264553
265716
265348
264165
511828
264454
264200
264078
264089
264389
264418
264295
264208
264163
264447
265345
264142
538442
268077
264341
264989
264356
264841
264168
264382
264304
264463
264688
265434
265478
264926
265729
264758
265814
264786
264963
7008017
264776
265000
264734
6850950
264893
265137
6840833
265425
265047
265606
264991
265889
265363
264812
265539
476395
264694
265105
265338
265484
265245
266063
6826358
265847
265517
265547
265113
265510
266088
265174
265310
266763
265626
266047
265907
265189
265166
658288
265262
267358
267409
265217
265402
265276
6973012
268345
266610
266360
265826
266105
266012
265819
7173764
533195
265852
265966
265774
265718
265825
265871
527794
266212
266284
266330
266441
266319
7262471
266201
266286
267023
268962
266498
267018
269107
266307
266308
266412
267038
266282
266300
266495
266456
266518
266339
266778
266738
266713
266711
266996
266697
267374
266745
266973
266735
266873
266920
266683
266880
266950
267654
278407
266667
267371
266774
267860
267260
267547
267321
267223
267233
267131
267269
268085
267212
267357
267803
268166
267727
267297
267179
267296
267169
268149
267459
361273
267300
267203
268094
267946
267287
267307
267977
267439
268423
7333264
268112
268926
267786
267761
267774
267918
267697
268060
268025
267747
415822
267691
269094
267902
267765
267776
267944
268600
267938
268769
267808
267888
267920
267893
271745
267927
272418
268271
268204
269005
268228
269333
268868
268299
268327
268401
7271407
268436
268292
269080
268373
270387
268700
270058
268875
269196
268988
268727
268837
268797
269332
270382
268742
268872
268757
268905
268679
269461
269415
269434
269648
269990
269773
269205
269795
269727
269894
269825
270478
269734
269133
269172
270019
269393
270279
269744
269230
275858
271151
273469
270563
269521
269889
269513
270119
269559
269559
269559
269805
272215
270200
270016
269746
269968
270013
269455
269600
269601
270448
269651
269876
270393
269492
269592
269712
269674
7026668
270384
270788
270316
270092
270164
270329
270222
270143
663331
270238
602392
274685
270236
270829
270133
270066
270347
270281
270599
270636
270685
270786
270598
270749
270819
270695
272391
270732
270708
270781
423275
271033
270923
271419
270748
270634
270839
271832
270651
270856
270653
271047
271350
271050
271189
271224
271149
275100
271311
272528
271104
271130
271255
271184
271114
271246
271009
271368
271874
271141
271253
271249
271100
271643
271624
271493
271437
271523
271438
271515
272442
272313
273023
271704
271482
272456
271603
271634
272433
272372
272021
273395
272484
272093
278587
272112
271897
271933
272829
274478
273036
272248
271968
272117
272299
272141
272410
272815
274185
276678
272129
272898
271904
271908
271998
272508
6854485
272204
276574
272683
272643
272752
272912
272885
272577
272630
272748
272788
272790
437355
272908
273078
272665
272646
272576
272958
272673
272719
273009
272644
272827
530783
272955
272736
273237
273121
273073
273175
273779
273382
276927
273198
273256
273649
273235
273148
273187
273793
273603
273131
273194
273193
273134
6874828
273379
273179
273079
273232
273227
273780
273460
274147
273579
273701
273659
273502
274187
274648
273766
273507
273548
273716
274217
273581
273472
273789
273607
489612
273487
273976
274036
274093
273859
273996
274513
274626
273875
274540
278452
274068
273982
273991
274033
273892
274035
274046
274061
274352
274328
274491
275025
275044
274405
274421
276159
274565
281225
274601
274470
274600
274314
275013
274348
274343
274257
274531
275781
274489
274387
275071
276561
275507
274809
274993
274956
274938
274985
274736
274836
7300493
274778
274931
274962
274932
274794
274997
275370
274813
274766
274760
275464
275425
274905
275470
274939
274989
275034
274815
275502
276788
535313
275243
275335
275293
275796
277316
275231
275863
275298
276231
275277
531387
275250
275947
275722
275695
275755
276184
276260
275747
276174
275759
275701
275690
275587
275691
275728
276267
276226
275752
275590
276200
275742
275649
276026
276111
276144
278598
276610
7272822
275960
276015
277104
275992
276139
275925
276109
275963
276451
276396
277152
276353
276387
276809
276550
276388
276403
276394
276760
276505
276523
277182
276475
276319
276602
276820
276501
277179
276649
469488
277231
276580
276854
276928
507628
276948
277095
277897
276918
276892
276945
276945
277060
276887
278642
276896
276923
277566
276882
277021
277542
277559
277608
277528
277019
276983
277626
276979
277517
278014
277418
278029
277419
277308
277468
277433
7163225
277376
277485
277310
427414
277360
277488
277452
278433
278028
277746
7016433
277655
277674
277741
277844
282138
278437
277778
277835
277936
277823
277901
278867
278454
277887
278450
277715
277882
282018
278163
278855
278283
278240
283060
278189
278219
278581
278580
278333
278344
278158
471376
278087
278119
280258
278296
278167
278187
278168
284287
278706
278791
278773
278757
278707
281137
278677
278724
278676
284293
279594
279568
278686
278670
279068
278899
278900
278976
279438
279007
279508
278912
279444
278948
279230
279497
278989
279042
279060
279422
279008
278904
278947
279094
279506
279111
278962
279432
279411
279908
279334
280003
279868
280329
279213
281680
279892
279864
279835
279872
279279
280568
279389
6863651
279274
279355
279357
279851
279270
279458
279396
279802
279658
279643
280276
279755
279770
280242
279680
279754
279693
279627
279646
279650
280265
279780
280191
280000
280486
279984
284736
280173
281018
280394
281994
374991
280428
280590
280487
280215
281691
280363
280342
280385
281230
281049
281172
280951
281318
280579
281032
280790
280738
7029456
280681
280836
281659
280605
281051
281131
280872
281100
281609
281974
281991
283022
280576
280750
281054
280919
280718
280606
280610
280933
281089
280567
285174
280852
281513
281692
281345
281388
281338
281267
281274
281364
281483
283034
281516
281426
281761
281322
485595
7118413
281534
281333
282039
282905
281673
282086
281385
281442
281264
281848
282095
281735
281831
7020794
281738
282443
281987
281886
282469
282456
281753
282967
282725
282445
281954
283370
281714
281845
281870
282719
282411
281840
284815
282465
282372
282975
282307
282236
283014
282317
282151
282371
282591
282982
282275
282293
282288
7023684
282240
282986
282146
282316
282398
282323
282605
282554
283411
282847
283428
282886
282656
283389
283416
283440
282872
282624
283038
285561
282837
282552
282910
282696
282849
282757
282783
283453
282514
282887
282566
282716
283402
282634
282752
283306
283271
283270
283838
283820
283872
283318
283159
283362
283284
283305
283126
283228
283096
283072
285395
283135
285516
283248
283266
283180
283841
283092
284600
283715
283527
283700
283744
283731
283677
6829521
283620
283739
283789
284247
283726
284838
284718
283600
283564
284222
284277
284131
283920
284086
283987
284708
284616
284760
284645
284036
284856
7004140
6871700
284203
284755
284117
284454
284357
284356
284810
284517
284517
284489
284582
284690
284341
284462
284745
284427
284309
284743
284446
287210
284315
285116
285024
284997
286012
290033
286034
285283
285758
285672
285317
285566
289295
285975
285262
285416
285535
285243
286035
285125
285111
285254
289761
285049
285466
362690
285866
286044
285051
297028
285443
285403
285009
285831
284983
285425
285188
285008
285815
285631
285754
285642
285602
285745
286425
286920
285641
285759
285730
285843
285711
291576
285722
285844
285693
285793
286396
285743
286876
286066
286843
286263
286363
286963
292280
286291
286153
286121
286334
286199
286312
286174
286297
286793
490799
290341
286225
286248
286627
286571
286625
286696
286684
286609
286606
286996
286501
286883
286591
287754
7074949
286536
286641
286923
287143
287963
288150
288152
456973
289867
287208
288051
287999
287276
287148
287200
287991
287332
287672
287259
287263
287226
287643
287240
288109
287260
287157
287272
287519
287460
288059
287365
287627
287629
288017
287428
287553
287352
287407
287956
287415
287393
287770
287339
288045
288404
287403
292383
287642
288575
294134
287717
288355
287859
288511
287907
287792
287952
288135
289406
289583
288368
288457
288427
288467
288269
288463
288180
289049
288365
288345
288560
290751
294894
289084
288317
288420
288416
288344
288364
288182
288425
288396
288304
289238
288193
289541
288741
441639
289511
288682
288986
289448
438262
289666
288931
288826
288669
289454
288920
288840
288947
288837
288847
289040
289017
288818
288658
288677
289556
288836
288769
289176
289113
289571
289943
289879
289119
289262
289192
289241
289214
642402
289125
289881
289106
289107
289216
289159
289805
289224
289858
289823
289743
290337
300080
289622
289670
289598
292761
289830
289648
290243
289793
290105
290181
290104
290234
290320
290114
290050
290112
290299
290361
290138
290622
290159
7227905
290170
290566
290089
493742
290433
291157
291166
291155
290537
290459
6874851
291330
290499
290750
290471
291591
290458
290411
290450
299245
291172
291298
290634
290939
290949
290817
290893
291756
291661
291153
290791
290914
290866
291319
436851
290932
291523
292250
290830
291652
291210
291071
290798
291092
291569
290855
290957
293259
291030
291495
297710
292040
292002
291445
291573
291345
292026
291487
293571
530790
291461
291364
291610
291409
292017
291430
292029
291575
7256001
292059
291762
293252
291916
297166
291734
291774
292417
292568
296981
292454
291804
291930
291891
461468
461861
292448
291864
291787
291765
6755303
292928
292190
292315
292223
292311
292268
300076
292846
292151
292282
296958
292837
292154
7244982
292261
292288
292239
293145
292129
292128
292638
292621
292743
293450
292673
292620
292567
292759
292669
293345
292779
293223
292671
292544
299953
292683
292637
438389
293432
292711
7250067
292754
293179
293855
293083
293053
7066281
293233
292983
293226
293218
293069
293864
293021
299691
292981
293126
293275
293308
293544
293574
293509
297729
293665
491604
6863649
293637
293727
293723
297026
293678
293517
7224911
307812
293531
293605
293688
293644
293657
299698
294019
297652
298393
293973
294073
299213
293938
298430
294070
301150
295639
295650
306116
294488
294529
294527
294565
294355
294843
7066247
297485
294792
294545
294399
294414
294469
294400
294470
294852
294390
294913
294425
295530
295094
295114
295133
294647
294709
297419
295753
295167
294706
294683
295166
295515
295487
294730
295517
294760
295244
300915
295004
295040
295033
7205688
294963
295087
295284
295298
294962
298775
6880951
296076
305698
304839
295248
295480
295654
296977
296118
306319
296130
295748
296159
295865
306672
296135
295482
296163
295378
295467
553875
296109
665579
295756
304047
308651
306272
295547
295526
295525
295903
295934
296454
296119
304638
304255
296059
300870
301322
298216
296186
297433
296479
296226
296517
296240
301217
296248
296184
296527
296508
296253
304644
296535
296608
305864
296373
296377
296382
296380
296400
296223
296408
296412
296691
296786
296777
296737
296676
304144
296809
297409
6823523
296750
449241
312575
296976
296885
296722
296873
296759
297184
297196
298367
297237
297811
297240
297099
297262
297093
297072
297083
297337
303724
297699
297746
305857
297750
297620
297530
297596
297842
298010
298016
298024
298050
297908
305867
297904
298017
298846
297944
305475
297896
297848
297995
298745
298202
298201
297922
298225
299709
298577
298648
298820
298576
298520
298574
6985434
298523
298734
298490
298571
308494
299225
298747
299214
298719
298962
298905
299604
299068
300630
298904
298994
298989
298956
493752
298937
298890
299006
298896
298955
299156
299153
299152
299437
299376
304673
299456
306114
299348
299557
310934
299353
309232
299469
299281
299685
299897
299734
299899
299918
300624
299749
299820
299735
453723
299934
299974
300579
300876
299743
299994
299829
300108
309506
300161
300245
304076
300278
362697
300940
300133
300513
300521
300918
310308
300363
300749
300836
300819
300780
300844
300759
302824
301069
306317
301188
301100
301102
301193
301068
301703
301497
301769
301557
301492
301739
301603
301788
301552
301576
301610
301593
301852
307878
301946
301969
302002
301965
302797
301939
301941
301942
302299
301940
304397
305017
302637
302506
302481
302756
302487
414766
507319
302629
302639
304732
302357
302760
303030
303022
303046
302904
309624
302920
304251
303463
6926008
321076
303484
303459
303412
321169
304676
303341
303292
304169
303329
303319
303298
303468
303316
303559
303401
303612
304708
434644
303905
303964
304713
303761
304001
303801
306094
303849
303873
303805
304994
303814
311585
6877045
303876
321940
306383
304681
304003
303817
304560
306121
305837
304389
304395
304709
304322
304266
304278
304388
304290
305425
305444
306331
305118
305141
306762
305177
305054
305534
306745
305189
305579
305570
305322
306747
305352
307346
305262
306869
306718
305306
309775
305351
305779
305257
305806
306830
306766
305572
305248
305256
7269276
306889
305428
306264
307256
306949
306706
306467
306473
312976
306440
306752
306757
306553
306503
306533
306796
306479
307013
307121
533187
307319
307287
308073
307296
308020
307081
307074
307127
307069
307445
307395
307411
307055
307857
307419
307422
308100
307359
308933
307570
307516
307538
307599
308549
307560
307563
308115
309619
308055
308593
308180
308230
309130
308361
308166
309746
308245
308177
6759827
308228
308505
308734
308795
309653
309161
308811
308802
309738
310915
308848
308793
309039
309012
308989
309846
309769
310858
310882
308833
309509
309727
314350
309519
309383
309529
7086053
309507
312519
310279
309328
309501
309335
310133
312061
309873
310223
311067
316668
309860
310041
311052
311074
312032
310385
311048
310676
310831
320214
310382
310398
321217
310655
310618
310767
312085
311203
311481
311112
311453
311402
311170
311188
312101
311455
312079
311456
311490
311157
311682
312118
311828
311851
311837
311881
492383
311661
311855
311968
312576
313806
313525
315358
311664
313002
312221
312238
319539
312242
312153
314412
312430
318109
320648
312497
312156
312651
322569
313048
317626
318151
323354
313421
313557
314003
313029
313054
313022
313065
313096
6765822
313510
322368
7333920
313111
314435
320211
314424
313708
313648
313692
318262
313629
321099
313904
320244
313675
314073
314103
314913
314393
324401
314368
653474
314853
314428
314133
314724
314502
315483
314558
316596
314791
7246745
314520
325870
315035
315276
7277932
315004
315025
315005
314987
314984
315055
315039
315441
315500
318195
315496
315923
315637
316009
315570
320775
316145
316680
316479
321198
320269
316211
316191
316578
316533
316298
316554
316583
320839
316799
321063
316758
326138
316794
320692
320676
324371
316772
316720
321224
322806
317540
321034
317655
317577
317565
317251
317568
318235
320926
322575
320115
318115
318072
318078
317778
318121
317714
317731
317722
318172
318159
6753975
317758
319017
317759
318997
318841
318347
318336
318362
318885
318819
318397
318902
318748
318429
319604
318436
318954
318402
318396
6781906
319403
319053
319462
320180
319152
319549
319078
319512
319047
320165
320154
319127
320758
320830
319100
319578
319445
319161
319510
7066276
319526
319489
319767
321661
321656
319763
321685
6925279
319672
319711
321231
321233
319690
320794
323931
319760
321681
321209
320392
320408
320673
320311
320953
320310
320363
321119
320376
321808
321166
328105
322712
7258056
320349
321137
320999
321283
322290
321303
321664
328152
321839
323125
321257
323235
322443
322488
322491
322518
322504
322399
7332943
322808
322442
322659
322391
322553
322394
331345
323905
323370
323956
329463
323508
324661
324008
325244
324014
324422
324045
6829535
327208
325930
324098
325306
324529
324532
332112
324511
324083
324786
325084
324771
325142
325197
326133
326058
326728
325454
325438
325905
326687
327278
325341
325950
325408
326028
325414
325972
326713
334070
327344
326213
588410
326547
326169
326270
326738
326593
326250
326177
327114
326776
326802
326807
326858
327204
327293
326805
329013
328964
328077
327462
328899
328993
327423
328178
328144
328955
328933
327743
328371
328738
329419
328806
328378
329504
328938
328435
332949
328431
328472
328432
330061
328447
328846
332946
329451
328779
328862
328748
328791
329456
329669
330201
329649
331375
329576
329596
330237
329565
330835
329535
329563
330248
329706
329580
330857
329768
330057
330434
330703
330399
330397
330390
330408
331541
330361
330419
330761
332848
331349
332017
330972
337843
331028
331390
331626
333007
331611
333479
333584
331690
331711
331697
333492
333612
332816
332760
332695
332192
332270
332700
333450
332964
332766
332347
332377
332388
333033
333117
340843
333469
333102
333483
333084
334908
333588
333104
335057
333660
333120
335052
333061
333099
335029
334116
335588
333795
334232
335716
335041
333717
334924
333781
333718
334940
334148
343853
334149
333725
333706
333759
333774
335049
7118409
334863
6782814
6925213
339697
335625
334296
334258
335006
335007
334972
334961
334322
334778
336636
334284
334366
334332
335697
335776
335098
335091
335640
335160
335215
335110
335184
335155
335802
336193
335774
336286
335784
335214
532263
335563
335097
336297
335486
338425
336621
336372
336528
336519
336707
336478
339208
337926
336385
336470
336374
336388
337241
336358
336571
336585
337860
336348
336566
342207
337176
7226255
346212
337324
464479
6772695
337398
339189
7046136
338344
337908
337347
339729
337909
337317
337282
337928
337336
337406
339756
339059
338057
338455
338049
338429
338487
337984
338488
338034
338556
338623
338617
343781
343395
339077
338615
339086
339095
338616
340337
340447
340425
341470
459895
340022
339790
339789
339883
340051
339806
342147
340543
345147
340465
344525
340376
340154
340164
340138
340403
340544
340558
340689
340669
341429
341185
340659
341207
341174
341427
341843
341531
341229
7067286
341840
341275
342242
341264
341499
6835414
341805
341936
342601
342165
342173
343052
342388
342739
342748
342966
342776
6935372
343839
342726
342782
6798801
343045
342762
342763
344517
343471
343865
348622
345119
343554
343772
343541
346185
347427
345138
344965
343778
344541
343878
343945
343927
344450
343951
344459
343966
344496
346323
344013
345717
343955
344468
345068
345564
346689
345244
345293
345294
345225
345627
345626
346329
345625
345232
345255
345786
346129
345830
346862
346160
346369
346374
347567
346391
346420
346786
346710
346402
346730
346445
347607
346365
346425
349858
348042
346788
351373
346894
347444
6799799
346966
348159
347494
346918
346957
348148
348076
347704
348062
347631
348705
352484
347930
348133
348348
348794
348854
354652
348842
349159
349190
531181
349865
353740
349266
349185
349891
350476
349251
349203
348841
349097
349870
353751
350751
349950
349993
351309
350049
351359
349952
350054
351328
350818
351305
350871
351270
351426
352507
353061
351769
352020
353811
352009
352431
352011
352415
352433
352070
352069
354384
353764
352442
352036
353806
352583
352693
353102
352638
353177
353500
353504
352653
353513
353535
352663
352617
353068
352623
353626
355325
353933
353885
353978
355187
354593
354017
354025
355080
354057
355291
355097
355209
354528
353993
355345
356590
354743
355151
355154
354697
356440
355177
354715
354767
356624
355965
356678
355770
355222
354731
355206
355211
355951
355323
357470
355243
355748
357394
356611
366783
357396
368056
355409
355361
356618
355438
355420
355861
357991
355458
355384
355436
355898
355399
356674
357405
355932
356616
355395
374066
356429
356406
356480
357502
357071
356093
357482
356534
365019
356752
6932509
358214
356777
357013
357027
357028
356773
357421
364279
357404
358060
357440
358808
357409
358908
357061
358821
358853
357931
358005
358223
6812156
358023
358046
357968
357619
358061
357563
357984
358841
358072
357569
358201
358909
359597
359561
358245
358679
358242
360204
358238
358244
358333
359413
358993
371733
358983
362735
358921
358988
359427
358979
361226
361203
359461
359021
358989
359001
359472
359507
359453
359458
358991
361360
359724
360113
361781
359755
359714
359756
360308
359698
364153
360289
361369
359772
360504
361987
360444
360495
360488
360479
360469
360507
361108
7156067
360464
361131
362022
361139
360546
360539
360533
366627
360979
361765
361472
361855
361404
362060
362511
363346
363282
363242
363389
363321
363432
363393
363277
365029
362815
362819
368052
362811
362856
362890
363354
364916
363343
363569
363597
363564
364988
364077
363595
364039
363559
364019
365232
364973
367285
365215
364097
364113
366520
377699
364382
366586
365035
365072
364889
364917
365244
365250
366781
366013
366026
365946
365776
365016
377516
365221
364341
365872
364295
364301
6973095
365126
377529
364759
367318
365345
367360
376878
365369
367583
366319
7159930
368234
367274
366843
368267
367320
367356
366894
366835
368276
368875
366846
367465
378438
368265
380756
375012
369125
368057
369123
369420
530681
369163
368092
369407
370398
367648
368105
7118427
368066
368368
370396
368882
368352
368381
369186
368379
370467
369792
369871
368960
369806
368986
368501
515746
369317
369928
369904
369895
370384
376213
370423
369949
369953
371249
370317
371761
370641
370578
373181
371061
370632
385456
370635
640820
371712
371287
372823
372795
372016
372699
488500
372020
372050
372078
381488
374151
373322
372944
375011
374072
373515
373486
373937
373472
374986
374950
377729
373535
374040
374222
374283
374787
374948
376187
374294
376253
374227
374846
380425
375579
374214
375363
375440
376243
376055
376273
376290
376132
376335
6825791
376726
377016
376867
380047
523345
378099
378188
376848
377603
377056
377567
377081
377514
378122
379335
7230820
377052
377564
377055
377606
377678
382187
378303
392332
378283
378304
382924
382918
387224
379045
382248
379010
379283
379065
380584
379356
380593
380764
381369
380641
382060
382948
383179
382152
382726
383606
384440
383669
383651
383620
433121
383641
383228
383205
384227
6871658
383762
383654
386470
396819
393815
383671
383264
387757
383271
383251
384458
383276
383252
383714
384479
385758
385580
385614
385577
385606
385600
385673
386550
386619
6826275
386629
387153
387254
388403
394478
386660
387988
387327
387276
387394
387248
386752
386712
412465
390118
6823527
387832
410151
387957
387973
387868
387855
387797
396134
6835400
388509
388512
389261
390223
388072
389331
389148
389208
389033
392385
390996
389030
395148
395363
389184
393025
389151
389053
390845
390262
389199
389258
390074
389434
389438
390219
389433
394695
392974
391694
390888
395279
390918
400863
390360
390380
390927
390383
390384
574661
405313
514843
393884
390886
390409
516275
391153
391126
391125
391146
391606
391150
391144
391143
391732
391101
391632
391683
392991
391865
391855
391899
391908
392349
392370
392362
393089
393233
392519
393135
392543
6834926
393065
392547
392532
393028
410981
392512
393980
393342
393853
396052
393824
393852
393335
395432
393911
395377
393814
394038
394068
394531
401117
394546
394419
396135
396151
395209
394715
394742
396712
397643
395953
396023
396705
396833
395523
396873
396859
396019
396185
397785
396667
398476
653356
7173784
396763
398478
396652
396201
396682
398377
396716
396235
396690
414738
398429
396895
397742
397661
399939
399966
397669
398503
397734
396960
397773
397676
6874880
398422
398409
397848
396903
397632
399022
396987
397717
397730
397728
397563
397913
413865
398443
399978
399953
399204
400208
399124
399237
399134
399223
399231
402492
399085
399098
399901
399388
400081
400068
477302
399393
417812
400027
399397
400934
7064277
399377
408122
403335
412307
400900
401058
399442
399443
402601
400839
407403
400330
400319
401917
401104
400280
400867
401006
400271
400903
402684
401907
400995
400910
402536
400264
400345
400246
400959
413963
400976
400239
417402
403395
402584
402090
402046
408662
403457
403494
404755
404752
402041
404216
402549
403471
402207
404705
402445
402095
403500
402141
405354
402494
402543
406008
402608
404210
402253
403699
404571
404646
404718
418101
405365
406695
403709
421503
404725
406821
406038
404181
404181
404635
405985
404532
407399
406641
404843
404813
405207
406072
406033
405459
405806
405846
405426
406186
406637
406174
410027
406126
406141
406192
427009
425457
406109
406769
407629
406095
406758
406153
407581
411549
406807
412282
406530
406948
407635
407434
410978
408697
407605
407009
408085
407644
409900
408083
407660
407673
407648
408027
415871
411628
408642
408235
408237
409968
410097
408222
408221
408741
410944
408202
408223
408262
408854
409239
409401
409322
410208
410221
417249
408840
7205694
409357
412301
410116
409489
411702
410155
409482
409533
410199
409543
409523
413859
410119
410211
409505
410205
409531
409488
409565
409563
409515
410065
411040
411161
411175
411547
411604
411617
411179
411162
411105
471005
415170
411095
414757
413060
412566
412535
412982
413228
412530
412631
412548
413120
412620
412589
413252
414683
414643
414599
415902
415844
415673
417203
417862
419588
417942
418051
416643
417288
422578
417123
416726
417454
417470
417899
417907
417883
417491
417808
418723
419516
420954
420412
418742
419183
670096
419648
6884760
419198
419752
421480
421043
420550
420442
419833
421500
428516
421094
420572
420596
421992
423331
421019
421119
422053
422084
421167
422558
422691
423959
422182
423853
422598
422172
422605
424874
422783
422735
423256
422766
423963
423890
423366
423362
423510
424037
424054
424358
491612
429944
424360
424354
424998
424067
424583
424969
424883
424971
424562
425395
428454
426321
425552
426428
426131
426501
426310
427397
427069
427038
431059
427538
427546
427898
428472
428452
428471
428470
427820
429028
428549
429471
429024
428998
428979
429479
429892
430305
429921
433062
431487
429857
431920
429572
429885
430562
433100
430289
430387
435618
429971
429969
432572
430537
433493
431422
431082
431915
431431
431428
431080
434133
431400
436115
432039
436088
431511
432072
431848
431508
431947
431990
434675
431981
432991
432379
433492
433537
433189
435719
433513
433505
433192
434605
434721
434718
435040
435043
436146
434711
435148
435144
436575
436556
436003
436491
437277
437786
437934
437938
437932
437935
440836
440034
440838
440011
439960
440788
439685
441211
441209
440000
440004
440044
440064
440040
441681
452183
441222
7312101
443453
441174
441166
441698
441621
445872
442207
441301
442624
441614
442299
441743
443432
442351
444738
444684
443044
443381
444628
443470
450151
446245
444324
444722
444372
444727
443905
446328
445399
445481
447400
445890
446626
445902
445891
445896
446348
449251
447048
447838
447025
449931
7150700
449965
450204
450192
450366
451698
451735
452255
452740
452604
452248
452599
452682
453097
454172
454487
453165
454201
454162
453705
454488
455152
455573
454623
454632
455023
456593
457385
457834
457803
458958
458465
461860
461504
460473
460574
461080
461898
461418
469501
465479
461967
464351
462515
464052
465340
466667
466753
466709
467467
467119
467122
468072
468932
468964
468968
468982
468909
468916
468981
469477
469480
469108
470457
470631
470968
471300
471450
471847
473195
471848
472183
475084
471855
472298
472848
472820
473191
472853
472834
472870
476860
473194
474039
474580
474560
473800
476368
474158
474160
474506
474156
474520
474584
474593
475069
475581
474590
474649
475062
475557
475157
477702
475900
477151
477798
6753966
478627
478192
479007
527389
478224
479136
478638
478666
480148
479086
479628
479750
480226
483587
482922
480571
480682
481419
481467
481646
482304
482883
492087
483332
483248
483524
483535
483996
484545
492361
485533
486854
484544
484754
485280
485573
7304449
485646
486304
486299
486305
487712
486731
488057
487637
488030
489451
491624
490311
491023
497190
491018
491585
492018
492425
492113
493367
493922
493412
493411
493833
494768
494372
493838
494690
493467
494668
494677
495035
497102
496369
496467
6835439
496814
496493
496864
497109
498624
498969
498992
498942
499071
499011
500243
500242
500132
502822
500639
500704
500506
500690
502213
502221
502204
502258
502294
502831
509129
503171
502932
502758
502928
502609
502867
503646
503581
503651
503739
6814992
505000
503767
503864
503982
504508
505450
504692
505045
505946
505158
505935
505481
506463
508127
505617
505622
505956
505970
506361
506428
507665
506485
508141
506493
506496
507775
506497
517658
507033
507034
507346
507732
507703
508135
508033
508499
508533
510609
510683
509214
512235
509215
509475
518316
515677
509554
509580
509870
509868
510282
509588
509897
509881
512171
511871
511481
7300086
511517
511601
512258
515662
511636
511816
512090
512186
512266
512273
512490
512633
513212
513514
513542
513993
514452
513216
514438
513214
513457
514363
514338
515783
515754
514316
514368
516253
515270
514752
515367
514468
514677
514942
515584
516811
515959
516222
516800
516736
516748
518366
516890
516855
516783
517073
517543
518073
517545
518055
518406
517184
517839
517861
518342
518302
518696
518878
519448
519450
519807
521724
520820
519911
519899
520617
521786
520577
521533
522074
520887
521239
521178
521256
521145
521562
521282
521275
521289
521612
521611
522629
522048
521824
523264
523273
522146
523282
522383
522388
522639
523714
523738
523262
523027
523278
523413
524250
523664
523416
523635
523729
525344
524148
524277
524529
525033
524587
524280
525776
524298
525798
525766
525451
525756
524957
525835
525436
525814
526707
526340
526355
526344
526337
525349
526334
525092
525815
529046
525109
525751
525488
525790
525782
526351
525864
7066251
525865
525869
526258
526704
7214834
526271
528368
526288
526987
526716
526264
526717
533585
526640
549548
526395
526398
527058
536972
527432
530360
526420
527046
527111
531713
528246
527833
527121
527361
527113
527291
529377
528301
528286
528292
527893
527891
529117
528239
527897
528733
528235
528236
528693
528653
529145
528656
530774
529056
528650
528426
529012
529426
529406
529334
528786
528784
529721
529027
529831
531366
529327
529325
530237
529754
529376
529381
529332
529819
529333
529383
529802
529761
529756
529710
529874
529880
530758
531354
530836
530262
530326
533616
530703
531200
531278
531692
531450
531444
531754
531778
533236
533566
533256
532168
532165
532225
533641
532741
7222305
534029
532718
532591
532593
532606
532731
539616
534298
533642
533302
533556
533689
534289
535194
533928
533930
533950
533982
533699
534366
534249
534698
535885
534876
550093
535637
534871
534841
6860016
552414
6801883
534956
535340
536001
535431
535432
535437
536979
535688
535689
535888
535913
535946
535684
535696
535698
535843
536087
536093
536214
537370
536929
536510
536512
536831
536996
537288
537340
537256
537142
537143
537429
537435
537661
537731
537902
537955
538365
566036
538305
538309
539442
568613
538333
538525
542269
539412
539061
538882
539567
539101
539546
556934
541662
539419
560643
539712
560495
540206
540975
540227
539740
540170
541776
540356
541721
540824
541659
540856
540339
540648
540833
540796
540804
540681
541823
558446
542501
541037
541043
540392
541050
540397
543247
542423
540410
563415
541122
6874920
542562
543889
553287
541147
541465
541618
541134
556916
541848
541680
541700
542436
541139
542467
559078
542589
542399
573865
541925
544295
548707
542640
542457
541894
541913
541934
543130
558348
541910
558806
544482
542553
542643
542658
542941
558081
543010
542403
543075
541893
543158
543771
543790
542584
555749
543009
543028
543140
543835
545835
549033
541939
572763
542922
544380
543216
543018
543205
544219
558857
544249
544275
554745
543226
542682
543228
544445
543261
543279
543295
559125
544803
570992
545289
545291
543743
544492
543201
542931
544493
543166
549483
544405
544234
543011
544349
544388
543662
544449
583812
577479
544359
558227
558949
556751
543700
7067293
543636
554741
543336
543353
543794
543548
543621
544966
544227
7066394
543911
543916
7256905
543928
560490
544198
543945
544437
544188
543933
544381
554841
543947
544152
544325
554946
544515
544722
566197
545761
544780
544677
544677
544678
544678
544912
545290
545327
545163
559226
545248
545109
545231
558201
566101
545518
555303
594874
545655
556884
546094
545808
558876
545764
546100
545814
552478
545858
555382
546392
559817
558462
546114
552423
546123
6801455
556304
546205
546124
550542
7233489
546520
546600
546514
546491
564062
565650
546708
546690
546609
546621
546732
546741
546695
304817
506834
504437
468471
387178
376156
558423
558459
565084
546987
546985
547174
547169
558422
548331
547494
562269
558486
547474
547486
547328
547590
547784
6871686
558277
547772
6920610
547946
547961
547938
548210
548538
548320
548226
548399
561118
549304
556733
548721
548726
549528
548870
548889
549119
548767
549105
574576
549072
549085
549326
558863
549162
549555
558409
549593
558883
549544
563445
550348
549437
549614
549707
559292
550027
549827
550109
550102
559117
550095
550094
7249467
559036
550087
550086
550084
549836
567759
550139
568616
550406
550409
6835360
559235
559209
550562
552424
558240
550796
551031
558410
550968
551041
558294
551257
550848
550849
550877
551269
559165
551274
551487
551496
551505
559263
551317
551329
551331
561372
558927
558501
552449
557535
553794
555394
551785
553847
569404
551788
552067
564993
552972
556353
552440
552066
552065
552051
552295
560669
562374
552293
552467
552461
559956
554727
558393
582414
553393
553296
556731
561343
553262
553433
553460
7255203
553451
553885
553873
553530
554034
554179
556778
582411
554875
554930
554855
583232
565106
557492
554734
556849
583118
557575
556363
555797
556376
567028
577532
560388
559847
555488
555760
559132
555483
555952
555929
560374
591223
556811
556389
572636
586659
576174
556360
560480
560543
556336
555917
555922
7169638
555947
555964
557540
555953
556021
560531
556484
570800
560583
577507
556475
612754
567071
565618
574644
556974
561965
565622
589731
559927
596042
562298
559118
562460
557360
557407
590609
562476
557474
587013
560305
557715
562503
572764
562509
562915
557706
562866
563305
561340
563467
557982
562965
557741
558100
560339
558518
605241
559080
567964
559228
582308
558564
601453
559729
600289
576264
559016
558545
562948
590698
562971
606668
558582
565683
559212
559177
558611
566428
561187
603015
573956
7184884
559752
559980
609644
559662
577084
565117
560063
565517
563384
560332
563135
560304
599487
6883765
562378
591119
594195
606491
574485
566401
568128
564788
561162
566969
565068
560786
576150
568509
561447
562245
561850
574529
567868
561473
562812
562263
565486
565585
565705
591207
582473
561979
561996
562004
568561
568566
564932
593084
562007
562015
562930
566040
562820
562543
596185
563197
569229
566367
563533
600151
563165
564300
564070
564777
564815
563575
563569
591894
564918
572037
615836
566160
563576
564005
594245
593324
566466
570794
594748
594736
563677
563954
566452
566363
564439
564447
564648
566195
568766
600010
567149
573849
566252
567896
570240
570752
573177
599526
565734
567319
565750
565740
567375
609134
573884
571438
568655
565976
580614
567282
567327
580980
569562
566512
569573
580922
569576
592508
566495
566510
567108
567080
591871
566541
567399
6765795
566530
569316
567931
583065
567973
567152
567430
570199
568049
568058
568073
567985
568539
578200
567462
567937
573985
567441
569391
569557
6963755
567436
567444
575692
575038
591365
585385
593148
568138
568672
568139
570220
568148
568147
570976
568532
570107
593393
568591
7293832
600406
569134
569383
7188743
7310364
600817
569124
569104
568785
598834
580415
569080
598337
569954
568821
577006
569085
570730
573135
600901
572533
569594
569588
576942
570932
569596
570958
569865
569873
571998
571955
570019
570035
585997
570854
569605
570102
587796
573883
600832
570902
570252
571983
575215
6846134
579540
570952
577450
570957
579547
570960
599494
570261
570648
570292
575153
571580
583841
617899
584134
574486
599998
570554
570594
570893
571964
571562
572556
571095
574533
571392
581283
573250
571293
580348
601600
571647
574031
571988
573178
573964
582286
574090
600809
571669
571773
571927
571937
572155
574041
574703
600058
601162
7322931
577579
601118
572591
573290
588363
577643
573160
572824
588308
576350
577963
605986
572843
577580
574586
600357
577572
578155
572863
572924
602134
573916
602086
587581
7086061
578673
599815
574107
573420
602389
599429
578767
578687
573400
577466
588296
576256
575047
576266
576223
592485
601488
588174
585241
589163
580930
601770
580326
574208
574212
591249
604403
584026
574194
578128
577483
578227
579239
575015
577478
578257
575219
580914
581207
575732
580719
578256
575028
575027
575206
594143
575288
580832
603937
576337
601544
575280
575280
577534
591230
578136
575283
601748
575624
575561
590552
579336
576287
575603
579535
584004
575539
575521
575644
588530
7293810
601727
578603
582439
588553
598334
575780
576167
575777
588557
578793
601723
601724
575806
582470
601767
588564
6781874
575828
575829
601740
576171
575813
583265
596004
578194
601611
580180
588464
578650
590427
587529
577491
605044
583080
576851
578175
602249
576421
590479
602174
588923
581685
576391
583253
583351
602007
583266
7257497
577455
581206
577065
576853
577019
579438
579266
576436
577002
576439
577001
576796
588932
589007
581311
580229
577136
604508
591919
577129
577119
581665
577144
577145
7098396
577162
578232
577168
592701
577535
577574
577583
582357
584783
580239
577671
578060
577675
581425
589059
577702
581155
614060
583103
579279
592440
583861
581217
579304
578280
585314
602199
578293
588918
578741
595650
584164
603212
579215
582309
584534
604965
602398
584145
585930
578597
583981
585328
580319
582459
586665
580172
579410
602394
585340
585375
588162
585510
586703
584045
580888
609794
586062
579609
581638
601810
589901
580569
585440
620205
579759
580507
580616
580616
581231
582461
581299
595322
580934
606587
580987
580984
602359
7093202
581126
596062
603099
581068
586908
591898
588931
586856
602748
581075
6799823
583238
592708
594920
594805
590596
581176
582275
586107
581968
601258
584630
587590
584804
587596
581976
583305
7066499
581995
587623
587721
601764
583102
581992
582039
582273
587615
610155
584522
583210
585902
582590
583148
582584
587776
591385
582614
582613
594196
7284999
582588
600162
603013
584014
588340
592527
583010
583355
583380
7286887
589762
583476
603061
594956
583474
602367
589121
602408
594050
589229
589661
601234
603684
584584
584179
591209
602895
585387
584186
584175
584197
584188
584203
584196
584207
584193
589148
601788
586978
601795
589623
584215
603065
585144
584222
595354
589243
586934
584857
595591
584852
585402
584875
585374
584870
588248
586115
589860
588244
585152
584887
584890
586729
589797
586720
603258
585531
585542
585535
585546
585571
587449
595609
585804
586116
607712
595619
586220
587592
594228
586269
590738
586311
586341
596001
588210
603100
587688
603878
603259
588240
590662
591305
587107
588901
589624
613669
587806
588304
587804
588152
587838
587839
603168
591902
587831
587944
587945
588919
589147
603598
629357
596052
591866
603131
588588
595436
591957
590685
629365
588797
589706
592015
604316
595352
589277
589281
592033
603221
601110
596258
589287
592100
606571
589758
592494
592454
603835
589311
7086071
596887
596181
592576
589974
589990
590237
590659
590343
590358
603858
596168
593327
603774
592739
592734
590614
590630
603815
603744
591868
593340
595389
591485
625124
625933
593396
592052
591653
591676
594118
592159
592633
604387
596964
594007
593956
596189
600669
592789
593369
596881
593480
597039
593953
603822
593468
602016
593762
593781
593793
593803
595566
605934
593923
594330
594891
594385
594387
594387
594403
594745
604590
595404
595030
597065
605118
595349
596906
595718
605311
596857
605161
596247
596002
598348
604613
595763
598509
596768
598857
598993
605184
598991
596985
598835
596457
596619
596658
604594
597230
597204
597205
605173
597233
597759
597219
605308
597232
605224
606605
605278
605909
597248
598033
601424
598505
597971
605964
606115
605022
599018
598493
598546
598560
599028
606053
599003
599079
614570
613592
598793
599385
599540
599569
599575
600340
600711
600701
600786
600572
601058
601147
605852
601281
601838
601843
601846
602102
603062
605067
602606
602598
604564
606186
602819
624378
602969
602763
603771
603777
604282
606136
604374
603998
603981
605209
604747
606266
605074
605145
606599
605142
604762
604768
605063
606215
606077
605861
605820
605579
605570
606163
606735
606189
606036
607277
606056
605955
605762
605769
606012
607383
606545
606649
606849
607072
607146
607396
607411
607439
607977
608024
608355
608032
608364
608407
610200
610199
608042
608017
608491
608493
608055
608064
609069
608363
609137
620656
608496
611143
608256
608605
610715
610866
609621
609715
609088
608625
608963
609190
608623
614695
609801
609803
609682
609157
609177
609282
611291
6798834
609276
611369
609825
612694
610227
610619
611478
610332
609938
610001
610688
630412
610365
612117
610354
7300080
610355
610593
612741
610835
610831
610802
6766604
613060
620127
610919
612396
612902
612389
612124
612328
611195
612346
610923
611359
610912
6799247
611190
613513
611333
610930
611401
612904
627028
613017
613626
612812
612087
611594
613104
611949
612340
611604
613047
612817
614217
611633
613031
612466
612928
612463
612925
612739
613158
613634
615385
613373
620162
613728
615909
614802
618585
621860
616474
614299
621040
613762
613767
613782
613969
614825
614324
614724
618535
614792
614859
614741
615528
622476
614365
614818
614675
614746
615236
615216
615251
614889
614905
614904
616564
616045
616711
615130
615258
616058
616055
616076
616079
615865
616060
615576
625221
615868
616100
630915
616130
616607
616128
616601
616502
623137
616127
620984
616158
617081
617142
617118
616989
620907
617851
617804
618951
617799
620876
626594
617366
617686
621081
619540
617477
620938
618609
618432
617965
617925
617931
618447
619019
617961
621583
617948
617963
617957
620245
618528
621020
618406
618490
619145
631694
619160
630453
621090
619101
619091
619093
620190
620663
619513
619487
620008
619494
619169
620158
620054
619191
620121
624390
619629
619631
622537
620010
621764
621595
620150
620019
619716
622403
619701
619715
622299
620131
619993
620154
620161
623243
620325
620336
621575
621635
622490
621963
6835333
622569
622291
622489
623308
622428
622969
622561
623641
623136
623748
623089
623157
622688
623805
623707
623776
622693
623061
626506
623684
623077
623072
623785
624522
623802
624484
623348
625216
623349
623722
623852
624594
625921
623342
623724
623371
623831
625421
623602
623887
625298
625998
624276
624312
623975
624420
625178
623976
624142
624214
630524
624696
624698
624976
625070
625079
626370
626547
627090
625495
626532
626605
626662
627222
627156
627104
626657
627181
626663
627095
626991
627197
626892
627809
627779
627934
627403
627407
7253934
629136
628655
628027
7136112
628636
631759
629132
628612
628488
628522
631740
628100
629717
628577
629420
630497
629962
629202
628789
629286
630967
628811
629185
628820
628824
629874
628825
630344
631033
629201
629083
629335
632888
632266
631643
629754
629990
629986
632870
630340
630007
630358
632368
630474
630946
630995
630433
630011
632843
632433
632320
630352
630827
632815
630998
632806
632264
630960
631596
632913
631668
632727
631874
631715
645494
631608
632378
634831
631599
631890
631815
633319
635997
632448
637362
632358
632362
632948
632951
632784
633685
634945
634391
637459
632871
633076
633146
633780
633445
636064
633807
635872
635526
633919
634470
634411
634278
633931
633920
634522
634376
634409
634428
635912
635891
635546
634871
650456
635528
634554
634832
634802
636052
634815
634958
634547
634968
634971
643281
634564
634588
634625
634881
635848
636406
635562
635855
636566
636477
635150
635150
635928
636951
636578
636429
635603
635943
635955
635589
636588
635967
636046
636647
636656
636105
636948
7317315
636424
646588
636160
636496
636634
637100
636158
637406
636655
637998
636691
638327
637172
638335
637603
637421
637196
637188
637589
637191
637530
637537
637538
637211
637230
637232
637832
638073
637822
6816505
638762
7312100
637952
637619
637937
637873
637904
638709
637620
638621
643320
640054
639400
640075
638812
643301
638822
638823
638815
638821
638813
639490
639980
639488
638836
639685
639348
639587
639710
639648
638840
639950
640607
639634
638863
640520
639523
640518
639668
640478
639611
639672
640511
639605
638867
7184851
640951
640550
6819795
643244
642005
640025
639693
639681
639424
638872
638871
639412
639546
639637
639951
639976
639723
640002
640900
639727
640888
639729
640050
640001
639743
643818
640070
640905
640395
640422
640176
640376
641041
640189
641019
640433
640187
640190
7332950
640467
640479
641480
640630
640956
641389
641502
640876
641384
640997
641034
641087
641443
642066
641088
641097
642429
641561
642560
641560
641576
641578
642467
642501
642898
642184
642902
642387
642431
642525
642552
642584
642813
642585
642912
643761
6826957
642931
644101
644296
644301
644277
644720
643395
644753
644267
643609
644631
643661
643692
645175
643854
644169
644702
644313
644181
644168
644247
645102
643870
650412
643865
645144
644132
644182
651019
644785
644259
644218
648931
644316
644148
644355
644570
644351
644353
644622
644369
645160
645555
644572
644568
644685
644509
645597
645626
645038
645603
645047
645070
644800
645055
644816
645045
645039
645967
645051
646459
650476
648411
647088
650893
644814
644806
645124
645133
645627
646470
6835279
645497
646541
646114
645433
645541
645592
645927
646982
646662
645880
645902
645938
646346
646512
646519
646642